Year	Averagepopulation(x1000)	Livebirths	Deaths	Naturalchange	Crudebirthrate(per1000)	Crudedeathrate(per1000)	Naturalchange(per1000)	TFR
1910	1118	37600	26600	11000	33.6	23.8	9.8	
1911	1140	39100	26600	12500	34.3	23.3	11.0	
1912	1150	40400	26900	13500	35.1	23.4	11.7	
1913	1170	42700	23200	19500	36.5	19.8	16.7	
1914	1190	47400	22300	25100	39.8	18.7	21.1	
1915	1210	45000	25000	20000	37.2	20.7	16.5	
1916	1230	43200	29400	13800	35.1	23.9	11.2	
1917	1250	44300	38600	5700	35.4	30.9	4.5	
1918	1260	51500	38900	12600	40.9	30.9	10.0	
1919	1280	46000	30300	15700	35.9	23.7	12.2	
1920	1300	49900	29600	20300	38.4	22.8	15.6	
1921	1320	50600	29700	20900	38.3	22.5	15.8	
1922	1350	50500	29400	21100	37.4	21.8	15.6	
1923	1370	50700	26900	23800	37.0	19.6	17.4	
1924	1400	53600	27200	26400	38.3	19.4	18.9	
1925	1420	52700	33200	19500	37.1	23.4	13.7	
1926	1450	55500	32300	23200	38.3	22.3	16.0	
1927	1470	58200	33500	24700	39.6	22.8	16.8	
1928	1500	52900	29700	23200	35.3	19.8	15.5	
1929	1520	52300	40700	11600	34.4	26.8	7.6	
1930	1544	54300	31500	22800	35.2	20.4	14.8	
1931	1580	71600	35200	36400	45.3	22.3	23.0	
1932	1615	66400	35500	30900	41.1	22.0	19.1	
1933	1647	61600	36700	24900	37.4	22.3	15.1	
1934	1679	65595	31684	33911	39.1	18.9	20.2	
1935	1710	67585	30748	36837	39.5	18.0	21.5	
1936	1743	68962	34790	34172	39.6	20.0	19.6	
1937	1777	67919	37132	30787	38.2	20.9	17.3	
1938	1810	69823	33870	35953	38.6	18.7	19.9	
1939	1844	73044	32631	40413	39.6	17.7	21.9	
1940	1879	72388	34477	37911	38.5	18.3	20.2	
1941	1926	76130	35551	40579	39.5	18.5	21.1	
1942	1973	78405	32218	46187	39.7	16.3	23.4	
1943	2012	77304	29065	48239	38.4	14.4	24.0	
1944	2037	82534	29843	52691	40.5	14.7	25.9	
1945	2070	86680	28837	57843	41.9	13.9	27.9	
1946	2100	88421	27517	60904	42.1	13.1	29.0	
1947	2149	91305	25407	65898	42.5	11.8	30.7	
1948	2187	87809	26209	61600	40.2	12.0	28.2	
1949	2197	85625	23389	62236	39.0	10.6	28.3	
1950	2218	86038	21895	64143	38.8	9.9	27.9	
1951	2210	84076	22374	61702	38.0	10.1	27.9	
1952	2212	80438	20480	59958	36.3	9.3	27.1	
1953	2221	77754	17972	59782	35.0	8.1	26.9	
1954	2233	78008	16783	61225	34.9	7.5	27.4	
1955	2247	79221	16243	62978	35.2	7.2	28.0	
1956	2262	78177	16607	61570	34.5	7.3	27.2	
1957	2279	76068	16022	60046	33.3	7.0	26.3	
1958	2299	76128	16099	60029	33.1	7.0	26.1	
1959	2323	74933	15870	59063	32.2	6.8	25.4	
1960	2356	76015	15841	60174	32.2	6.7	25.5	
1961	2396	75563	16361	59202	31.5	6.8	24.7	
1962	2442	76677	16575	60102	31.3	6.8	24.6	
1963	2491	77382	17386	59996	31.0	7.0	24.0	
1964	2538	78837	18556	60281	31.0	7.3	23.7	
1965	2578	79586	17719	61867	30.8	6.9	24.0	
1966	2609	75735	17506	58229	29.0	6.7	22.3	
1967	2634	70755	16780	53975	26.8	6.4	20.4	
1968	2656	67989	17481	50508	25.5	6.6	19.0	
1969	2680	67577	17669	49908	25.1	6.6	18.6	
1970	2710	67438	18080	49358	24.8	6.7	18.2	2.69
1971	2746	71114	18144	52970	25.8	6.6	19.2	2.82
1972	2787	68914	19011	49903	24.7	6.8	17.9	2.67
1973	2833	68821	19257	49564	24.2	6.8	17.5	2.67
1974	2882	70082	19490	50592	24.3	6.7	17.5	2.65
1975	2932	69691	19073	50618	23.7	6.5	17.2	2.61
1976	2984	72883	19893	52990	24.4	6.7	17.7	2.77
1977	3037	75151	19895	55256	24.7	6.5	18.2	2.93
1978	3090	75066	19876	55190	24.2	6.4	17.8	2.86
1979	3141	73781	20390	53391	23.4	6.5	17.0	2.77
1980	3188	73060	20486	52574	22.9	6.4	16.4	2.75
1981	3230	71365	21197	50168	22.0	6.5	15.5	2.64
1982	3269	69336	21522	47814	21.2	6.6	14.6	2.57
1983	3305	65742	21499	44243	19.8	6.5	13.4	2.44
1984	3338	63321	21733	41588	18.9	6.5	12.4	2.37
1985	3370	63629	23194	40435	18.8	6.9	12.0	2.34
1986	3400	63551	23387	40164	18.6	6.9	11.8	2.31
1987	3429	64393	23954	40439	18.7	7.0	11.8	2.27
1988	3457	64081	25123	38958	18.5	7.2	11.2	2.27
1989	3487	66692	25987	40705	19.1	7.4	11.6	2.36
1990	3518	66565	26138	40407	18.9	7.4	11.5	2.35
1991	3552	64498	26321	38177	18.2	7.4	10.7	2.20
1992	3587	64471	27389	37082	18.0	7.6	10.3	2.18
1993	3623	65258	28493	36765	18.0	7.9	10.1	2.14
1994	3657	64341	28428	35913	17.6	7.8	9.8	2.08
1995	3690	63502	30184	33318	17.2	8.2	9.0	2.08
1996	3719	63259	29871	33388	17.0	8.0	9.0	2.06
1997	3747	64214	29119	35095	17.1	7.8	9.4	2.13
1998	3770	60518	29990	30528	16.1	8.0	8.1	1.98
1999	3787	59684	29145	30539	15.8	7.7	8.1	1.94
2000	3797	59460	28550	30910	15.7	7.5	8.1	1.93
2001	3799	55982	28794	27188	14.7	7.6	7.2	1.85
2002	3795	52871	28098	24773	13.9	7.4	6.5	1.77
2003	3785	50803	28356	22447	13.4	7.5	5.9	1.71
2004	3773	51239	29066	22173	13.6	7.7	5.9	1.74
2005	3761	50687	29702	20985	13.5	7.9	5.6	1.73
2006	3750	48597	28206	20391	13.0	7.5	5.4	1.67
2007	3739	46642	29169	17473	12.5	7.8	4.7	1.64
2008	3729	45620	29050	16570	11.5	7.8	3.7	1.62
2009	3719	44773	29005	15768	11.3	7.8	3.5	1.59
2010	3722	42153	29153	13000	11.3	7.8	3.5	1.62
2011	3679	41080	29742	11338	11.2	8.1	3.1	1.60
2012	3634	38900	29448	9228	10.7	8.1	2.5	1.54
2013	3593	38986	29009	9977	10.9	8.1	2.8	1.47
2014	3535	34485	30224	4261	9.8	8.5	1.2	1.43
2015	3474	31157	28279	2878	9.0	8.1	0.9	1.34
2016	3411	27406	29613	−2207	8.3	8.7	−0.4	1.24
2017	3337	23582	30977	−7395	7.3	9.3	−2.0	1.10
